sample	CLUSTER	site	sites
428	1	4_8	1
472	2	4_14	1
529	3	5_3	1
488	4	5_1	1
564	5	5_7	1
486	6	5_1	1
319	7	3_5	1
418	8	4_6	1
507	9	5_2	1
57	10	1_4	1
482	11	5_1	1
577	12	5_7	1
580	12	5_7	1
12	13	1_2	1
29	14	1_3	1
23	15	1_3	1
25	15	1_3	1
26	15	1_3	1
27	15	1_3	1
141	16	2_2	1
152	17	2_2	1
248	18	3_2	1
289	19	3_4	1
536	20	5_3	1
407	21	4_6	1
408	21	4_6	1
483	22	5_1	1
566	23	5_7	1
188	24	2_4	1
74	25	1_6	1
496	26	5_1	1
528	27	5_3	1
555	28	5_6	1
422	29	4_8	1
600	30	5_8	1
451	31	4_11	1
426	32	4_8	1
453	33	4_11	1
342	34	3_7	1
561	35	5_7	1
247	36	3_2	1
438	37	4_8	1
348	38	3_7	1
396	39	4_5	1
154	40	2_2	1
202	41	2_7	1
67	42	1_6	1
113	43	1_10	1
391	44	4_5	1
149	45	2_2	1
48	46	1_4	1
560	47	5_6	1
374	48	4_4	1
448	49	4_11	1
584	50	5_8	1
404	51	4_6	1
456	52	4_11	1
302	53	3_5	1
443	54	4_11	1
56	55	1_4	1
231	56	2_8	1
117	57	1_10	1
300	58	3_4	1
345	59	3_7	1
509	60	5_2	1
298	61	3_4	1
299	62	3_4	1
192	63	2_4	1
8	64	1_2	1
11	65	1_2	1
42	66	1_4	1
291	67	3_4	1
22	68	1_3	1
450	69	4_11	1
4	70	1_2	1
15	71	1_2	1
16	72	1_2	1
175	73	2_3	1
73	74	1_6	1
91	75	1_9	1
39	76	1_3	1
397	77	4_5	1
84	79	1_9	1
160	80	2_2	1
105	81	1_10	1
471	82	4_14	1
70	83	1_6	1
34	84	1_3	1
35	84	1_3	1
60	85	1_4	1
386	86	4_5	1
221	87	2_8	1
252	88	3_2	1
200	89	2_4	1
349	90	3_7	1
32	91	1_3	1
336	92	3_6	1
394	93	4_5	1
211	94	2_7	1
283	95	3_4	1
281	96	3_4	1
193	97	2_4	1
357	98	3_7	1
72	99	1_6	1
136	100	2_1	1
181	101	2_4	1
361	102	4_4	1
377	102	4_4	1
232	103	2_8	1
379	104	4_4	1
314	105	3_5	1
558	106	5_6	1
378	107	4_4	1
437	108	4_8	1
68	109	1_6	1
167	110	2_3	1
478	111	4_14	1
146	112	2_2	1
120	113	1_10	1
218	114	2_7	1
118	115	1_10	1
205	116	2_7	1
182	118	2_4	1
10	119	1_2	1
329	120	3_6	1
423	121	4_8	1
480	122	4_14	1
148	123	2_2	1
249	124	3_2	1
390	125	4_5	1
133	126	2_1	1
381	127	4_5	1
83	128	1_9	1
267	129	3_3	1
31	130	1_3	1
341	131	3_7	1
131	132	2_1	1
344	133	3_7	1
238	134	2_8	1
346	135	3_7	1
296	136	3_4	1
128	137	2_1	1
208	138	2_7	1
398	139	4_5	1
145	140	2_2	1
325	141	3_6	1
21	142	1_3	1
62	143	1_6	1
447	144	4_11	1
7	145	1_2	1
121	146	2_1	1
41	147	1_4	1
86	148	1_9	1
293	149	3_4	1
484	150	5_1	1
9	151	1_2	1
464	152	4_14	1
251	153	3_2	1
163	154	2_3	1
239	155	2_8	1
353	156	3_7	1
78	157	1_6	1
13	158	1_2	1
17	158	1_2	1
135	159	2_1	1
470	160	4_14	1
338	161	3_6	1
124	162	2_1	2
186	162	2_4	2
110	163	1_10	1
150	164	2_2	1
335	165	3_6	1
103	166	1_10	1
241	167	3_2	1
225	168	2_8	1
326	169	3_6	1
331	170	3_6	1
322	171	3_6	1
340	173	3_6	1
388	174	4_5	1
147	175	2_2	1
309	176	3_5	1
459	177	4_11	1
51	178	1_4	1
556	179	5_6	1
138	180	2_1	1
93	181	1_9	1
122	182	2_1	1
197	183	2_4	1
132	184	2_1	1
65	185	1_6	1
102	186	1_10	1
36	187	1_3	1
171	188	2_3	2
184	188	2_4	2
180	189	2_3	1
54	190	1_4	1
219	191	2_7	1
552	192	5_6	1
501	193	5_2	1
503	193	5_2	1
235	195	2_8	1
420	196	4_6	1
255	197	3_2	1
373	198	4_4	1
59	199	1_4	1
228	200	2_8	1
282	201	3_4	1
457	202	4_11	1
596	203	5_8	1
419	204	4_6	1
261	205	3_3	1
351	206	3_7	1
352	206	3_7	1
112	207	1_10	1
114	207	1_10	1
253	208	3_2	1
53	209	1_4	1
303	210	3_5	1
304	210	3_5	1
69	211	1_6	1
250	212	3_2	1
375	213	4_4	1
5	214	1_2	1
399	215	4_5	1
75	216	1_6	1
76	216	1_6	1
242	217	3_2	1
287	218	3_4	1
233	219	2_8	1
359	220	3_7	1
64	221	1_6	1
168	222	2_3	1
115	223	1_10	1
217	224	2_7	1
257	225	3_2	1
55	226	1_4	1
598	227	5_8	1
301	228	3_5	1
327	229	3_6	1
475	230	4_14	1
292	231	3_4	1
107	232	1_10	1
172	233	2_3	1
177	234	2_3	1
473	235	4_14	1
400	236	4_5	1
1	237	1_2	1
43	238	1_4	1
435	239	4_8	1
508	240	5_2	1
516	241	5_2	1
183	242	2_4	1
215	243	2_7	1
109	244	1_10	1
313	245	3_5	1
33	246	1_3	1
164	247	2_3	1
134	248	2_1	1
284	249	3_4	1
129	250	2_1	1
169	251	2_3	1
389	252	4_5	1
409	253	4_6	1
306	254	3_5	1
415	255	4_6	1
80	256	1_6	1
206	257	2_7	1
189	258	2_4	1
269	259	3_3	1
161	260	2_3	1
199	261	2_4	1
467	262	4_14	1
264	263	3_3	1
445	264	4_11	1
265	265	3_3	1
318	266	3_5	1
402	267	4_6	1
425	268	4_8	1
427	269	4_8	1
198	270	2_4	1
589	271	5_8	1
590	271	5_8	1
178	272	2_3	1
195	273	2_4	1
58	274	1_4	1
97	275	1_9	1
387	276	4_5	1
77	277	1_6	1
173	278	2_3	1
439	279	4_8	1
52	280	1_4	1
315	281	3_5	1
505	282	5_2	1
214	283	2_7	1
343	284	3_7	1
244	285	3_2	1
355	286	3_7	1
44	287	1_4	1
71	288	1_6	1
28	289	1_3	1
179	290	2_3	1
442	291	4_11	1
317	292	3_5	1
452	293	4_11	1
266	294	3_3	1
268	294	3_3	1
272	295	3_3	1
460	296	4_11	1
95	297	1_9	1
207	298	2_7	1
100	299	1_9	1
571	300	5_7	1
223	301	2_8	1
515	302	5_2	1
94	303	1_9	1
262	304	3_3	1
312	305	3_5	1
307	306	3_5	1
384	307	4_5	1
511	308	5_2	1
512	308	5_2	1
63	309	1_6	1
170	310	2_3	1
458	311	4_11	1
479	312	4_14	1
497	315	5_1	1
531	316	5_3	1
542	317	5_6	1
545	317	5_6	1
485	318	5_1	1
504	319	5_2	1
433	320	4_8	1
434	320	4_8	1
519	321	5_2	1
587	322	5_8	1
370	323	4_4	1
583	324	5_8	1
392	325	4_5	1
495	326	5_1	1
510	327	5_2	1
405	328	4_6	1
406	329	4_6	1
411	329	4_6	1
412	329	4_6	1
490	330	5_1	1
500	331	5_1	1
356	332	3_7	1
414	333	4_6	1
371	334	4_4	1
591	335	5_8	1
592	335	5_8	1
481	336	5_1	1
403	337	4_6	1
410	338	4_6	1
430	339	4_8	1
431	340	4_8	1
385	341	4_5	1
581	342	5_8	1
594	342	5_8	1
595	342	5_8	1
424	343	4_8	1
476	344	4_14	1
441	345	4_11	1
466	346	4_14	1
582	347	5_8	1
599	347	5_8	1
204	348	2_7	1
491	349	5_1	1
416	350	4_6	1
568	351	5_7	1
543	352	5_6	1
544	352	5_6	1
546	352	5_6	1
549	352	5_6	1
550	352	5_6	1
554	352	5_6	1
557	352	5_6	1
559	352	5_6	1
553	353	5_6	1
576	354	5_7	1
562	355	5_7	1
570	355	5_7	1
573	355	5_7	1
574	355	5_7	1
575	355	5_7	1
290	356	3_4	1
449	357	4_11	1
539	358	5_3	1
210	359	2_7	1
203	360	2_7	1
417	361	4_6	1
137	362	2_1	1
294	363	3_4	1
489	364	5_1	1
444	365	4_11	1
465	366	4_14	1
66	367	1_6	1
237	368	2_8	1
297	369	3_4	1
229	370	2_8	1
330	371	3_6	1
220	372	2_7	1
321	373	3_6	1
393	374	4_5	1
499	375	5_1	1
3	376	1_2	1
194	377	2_4	1
236	378	2_8	1
494	379	5_1	1
339	380	3_6	1
569	381	5_7	1
563	382	5_7	1
565	382	5_7	1
567	382	5_7	1
246	383	3_2	1
518	384	5_2	1
521	385	5_3	1
534	386	5_3	1
522	387	5_3	1
532	388	5_3	1
537	388	5_3	1
104	389	1_10	1
520	390	5_2	1
209	391	2_7	1
20	392	1_2	1
61	393	1_6	1
37	394	1_3	1
166	395	2_3	1
96	396	1_9	1
40	397	1_3	1
540	398	5_3	1
332	399	3_6	1
234	400	2_8	1
263	401	3_3	1
190	402	2_4	1
358	403	3_7	1
517	404	5_2	1
46	405	1_4	1
213	406	2_7	1
271	407	3_3	1
19	408	1_2	1
362	409	4_4	1
366	409	4_4	1
18	410	1_2	1
316	411	3_5	1
436	412	4_8	1
187	413	2_4	1
126	414	2_1	1
245	415	3_2	1
354	416	3_7	1
142	417	2_2	1
395	418	4_5	1
334	419	3_6	1
432	420	4_8	1
328	421	3_6	1
502	422	5_2	1
125	423	2_1	2
127	423	2_1	2
185	423	2_4	2
98	424	1_9	1
413	425	4_6	1
311	426	3_5	1
382	427	4_5	1
383	428	4_5	1
347	429	3_7	1
174	430	2_3	1
270	431	3_3	1
230	432	2_8	1
288	433	3_4	1
106	434	1_10	1
446	435	4_11	1
597	436	5_8	1
462	437	4_14	1
226	438	2_8	1
455	439	4_11	1
224	440	2_8	1
593	441	5_8	1
216	442	2_7	1
350	443	3_7	1
535	444	5_3	1
523	445	5_3	1
527	445	5_3	1
526	446	5_3	1
525	447	5_3	1
530	447	5_3	1
533	447	5_3	1
139	448	2_1	1
140	448	2_1	1
143	449	2_2	1
151	449	2_2	1
153	449	2_2	1
157	449	2_2	1
158	449	2_2	1
324	450	3_6	1
256	451	3_2	1
162	452	2_3	1
243	453	3_2	1
92	454	1_9	1
45	455	1_4	1
89	456	1_9	1
85	457	1_9	1
87	457	1_9	1
50	458	1_4	1
461	459	4_14	1
81	460	1_9	1
101	461	1_10	1
108	462	1_10	1
119	463	1_10	1
176	464	2_3	1
308	465	3_5	1
323	466	3_6	1
463	467	4_14	1
79	468	1_6	1
227	469	2_8	1
38	470	1_3	1
88	471	1_9	1
286	472	3_4	1
254	473	3_2	1
47	474	1_4	1
201	475	2_7	1
295	476	3_4	1
363	477	4_4	1
365	477	4_4	1
468	478	4_14	1
538	479	5_3	1
14	480	1_2	1
310	481	3_5	1
165	482	2_3	1
337	483	3_6	1
123	484	2_1	1
130	485	2_1	1
524	487	5_3	1
548	488	5_6	1
493	489	5_1	1
469	490	4_14	1
578	491	5_7	1
222	492	2_8	1
421	493	4_8	1
212	494	2_7	1
487	495	5_1	1
320	496	3_5	1
572	497	5_7	1
506	498	5_2	1
513	499	5_2	1
514	500	5_2	1
588	501	5_8	1
159	502	2_2	1
6	504	1_2	1
380	505	4_4	1
429	506	4_8	1
498	507	5_1	1
99	508	1_9	1
285	509	3_4	1
585	510	5_8	1
369	511	4_4	1
492	512	5_1	1
372	513	4_4	1
477	514	4_14	1
579	515	5_7	1
49	516	1_4	1
333	517	3_6	1
541	518	5_6	1
440	519	4_8	1
454	520	4_11	1
90	521	1_9	1
2	522	1_2	1
367	523	4_4	1
551	524	5_6	1
191	525	2_4	1
273	526	3_3	1
116	527	1_10	1
368	528	4_4	1
364	529	4_4	1
376	529	4_4	1
360	530	3_7	1
144	531	2_2	1
155	531	2_2	1
156	531	2_2	1
